Datetime,Water Level (m)
2026-07-19 12:00:00,0.3377948
2026-07-19 13:00:00,0.3833442
2026-07-19 14:00:00,0.4004216
2026-07-19 15:00:00,0.39722615
2026-07-19 16:00:00,0.38537985
2026-07-19 17:00:00,0.3695483
2026-07-19 18:00:00,0.3502863
2026-07-19 19:00:00,0.3287984
2026-07-19 20:00:00,0.30818254
2026-07-19 21:00:00,0.31523517
2026-07-19 22:00:00,0.36430445
2026-07-19 23:00:00,0.41918465
2026-07-20 00:00:00,0.4724642
2026-07-20 01:00:00,0.5162636
2026-07-20 02:00:00,0.53667295
2026-07-20 03:00:00,0.53362405
2026-07-20 04:00:00,0.5213111
2026-07-20 05:00:00,0.5036219
2026-07-20 06:00:00,0.4847418
2026-07-20 07:00:00,0.4647072
2026-07-20 08:00:00,0.44740358
2026-07-20 09:00:00,0.45958015
2026-07-20 10:00:00,0.5093704
2026-07-20 11:00:00,0.56443167
2026-07-20 12:00:00,0.61681205
2026-07-20 13:00:00,0.65810484
2026-07-20 14:00:00,0.6782104
2026-07-20 15:00:00,0.6749876
2026-07-20 16:00:00,0.66229993
2026-07-20 17:00:00,0.64415175
2026-07-20 18:00:00,0.6238961
2026-07-20 19:00:00,0.60125476
2026-07-20 20:00:00,0.57910407
2026-07-20 21:00:00,0.5627687
2026-07-20 22:00:00,0.58694583
2026-07-20 23:00:00,0.6321244
2026-07-21 00:00:00,0.6788449
2026-07-21 01:00:00,0.7201732
2026-07-21 02:00:00,0.74128574
2026-07-21 03:00:00,0.75420964
2026-07-21 04:00:00,0.7459387
2026-07-21 05:00:00,0.73104435
2026-07-21 06:00:00,0.7128925
2026-07-21 07:00:00,0.6939842
2026-07-21 08:00:00,0.675796
2026-07-21 09:00:00,0.66869026
2026-07-21 10:00:00,0.7012049
2026-07-21 11:00:00,0.7515799
2026-07-21 12:00:00,0.8020957
2026-07-21 13:00:00,0.8444187
2026-07-21 14:00:00,0.8720065
2026-07-21 15:00:00,0.87785816
2026-07-21 16:00:00,0.87092537
2026-07-21 17:00:00,0.85662645
2026-07-21 18:00:00,0.8381109
2026-07-21 19:00:00,0.8179915
2026-07-21 20:00:00,0.79770845
2026-07-21 21:00:00,0.77952045
2026-07-21 22:00:00,0.77531415
2026-07-21 23:00:00,0.8046503
2026-07-22 00:00:00,0.84695446
2026-07-22 01:00:00,0.88847613
2026-07-22 02:00:00,0.9246069
2026-07-22 03:00:00,0.9473801
2026-07-22 04:00:00,0.9501434
2026-07-22 05:00:00,0.9422361
2026-07-22 06:00:00,0.9300049
2026-07-22 07:00:00,0.9152434
2026-07-22 08:00:00,0.9002655
2026-07-22 09:00:00,0.88909984
2026-07-22 10:00:00,0.8909803
2026-07-22 11:00:00,0.9169724
2026-07-22 12:00:00,0.95757645
2026-07-22 13:00:00,0.9983046
2026-07-22 14:00:00,1.0318319
2026-07-22 15:00:00,1.0473573
2026-07-22 16:00:00,1.0432348
2026-07-22 17:00:00,1.0323913
2026-07-22 18:00:00,1.0159067
2026-07-22 19:00:00,0.996787
2026-07-22 20:00:00,0.97544414
2026-07-22 21:00:00,0.9548979
2026-07-22 22:00:00,0.9373841
2026-07-22 23:00:00,0.9358422
2026-07-23 00:00:00,0.95532435
2026-07-23 01:00:00,0.9820254
2026-07-23 02:00:00,1.010333
2026-07-23 03:00:00,1.0354297
2026-07-23 04:00:00,1.0517386
2026-07-23 05:00:00,1.0533245
2026-07-23 06:00:00,1.0467663
2026-07-23 07:00:00,1.035597
2026-07-23 08:00:00,1.0223048
2026-07-23 09:00:00,1.0099788
2026-07-23 10:00:00,1.0009992
2026-07-23 11:00:00,1.0033281
2026-07-23 12:00:00,1.023396
2026-07-23 13:00:00,1.0520023
2026-07-23 14:00:00,1.0778642
2026-07-23 15:00:00,1.0952232
2026-07-23 16:00:00,1.0998942
2026-07-23 17:00:00,1.0949516
2026-07-23 18:00:00,1.0847939
2026-07-23 19:00:00,1.0697527
2026-07-23 20:00:00,1.050119
2026-07-23 21:00:00,1.0296516
2026-07-23 22:00:00,1.0085574
2026-07-23 23:00:00,0.9898092
2026-07-24 00:00:00,0.98278797
2026-07-24 01:00:00,0.9962713
2026-07-24 02:00:00,1.0185289
2026-07-24 03:00:00,1.0446154
2026-07-24 04:00:00,1.0673773
2026-07-24 05:00:00,1.0830542
2026-07-24 06:00:00,1.0883007
2026-07-24 07:00:00,1.0862508
2026-07-24 08:00:00,1.078077
2026-07-24 09:00:00,1.0676346
2026-07-24 10:00:00,1.0559099
2026-07-24 11:00:00,1.0466086
2026-07-24 12:00:00,1.0416574
2026-07-24 13:00:00,1.0472561
2026-07-24 14:00:00,1.0655707
2026-07-24 15:00:00,1.0882633
2026-07-24 16:00:00,1.1074829
2026-07-24 17:00:00,1.1163349
2026-07-24 18:00:00,1.1154362
2026-07-24 19:00:00,1.1079881
2026-07-24 20:00:00,1.0955634
2026-07-24 21:00:00,1.0787226
2026-07-24 22:00:00,1.059801
2026-07-24 23:00:00,1.0392696
2026-07-25 00:00:00,1.0207007
2026-07-25 01:00:00,1.0083654
2026-07-25 02:00:00,1.0158987
2026-07-25 03:00:00,1.0381947
2026-07-25 04:00:00,1.0685458
2026-07-25 05:00:00,1.0993942
2026-07-25 06:00:00,1.1250007
2026-07-25 07:00:00,1.1385244
2026-07-25 08:00:00,1.1399983
2026-07-25 09:00:00,1.1371038
2026-07-25 10:00:00,1.1285607
2026-07-25 11:00:00,1.1185282
2026-07-25 12:00:00,1.1084166
